# cline: mcl 6db161a3-6112-4a3d-a3b2-3f7ee14a98dc/ath1000.fasta_ath1000.fasta.mci "-I" "1.5" "-o" "6db161a3-6112-4a3d-a3b2-3f7ee14a98dc/ath1000.fasta_ath1000.fasta.tab.I15.0"
(mclheader
mcltype matrix
dimensions 332x106
)
(mclmatrix
begin
0   37 38 39 40 41 42 43 44 45 46 47 48 49 50 51 52 167 277 294 $
1   7 8 9 10 11 12 13 14 53 54 55 185 204 218 219 $
2   79 80 81 82 83 84 85 86 87 88 107 180 236 $
3   28 29 30 31 32 33 34 35 36 231 $
4   89 172 173 174 175 176 177 178 179 209 $
5   101 102 103 104 105 106 163 164 165 166 $
6   15 16 17 18 19 20 $
7   138 139 140 141 142 143 $
8   212 213 214 310 311 312 $
9   255 256 257 258 259 260 $
10  0 1 69 70 92 $
11  125 126 127 186 187 $
12  234 235 270 271 272 $
13  21 22 23 188 $
14  97 98 152 153 $
15  110 111 130 131 $
16  144 145 146 147 $
17  181 182 183 184 $
18  195 196 197 198 $
19  319 320 321 322 $
20  4 5 6 $
21  24 25 246 $
22  56 57 58 $
23  61 62 63 $
24  66 67 68 $
25  114 115 116 $
26  156 157 158 $
27  199 200 201 $
28  215 216 217 $
29  222 223 224 $
30  243 244 245 $
31  263 264 265 $
32  278 279 280 $
33  289 290 291 $
34  295 296 297 $
35  325 326 327 $
36  2 3 $
37  26 27 $
38  59 60 $
39  64 65 $
40  71 72 $
41  73 74 $
42  75 76 $
43  77 78 $
44  90 91 $
45  93 94 $
46  95 96 $
47  99 100 $
48  108 109 $
49  112 113 $
50  117 118 $
51  119 120 $
52  121 122 $
53  123 124 $
54  128 129 $
55  132 133 $
56  134 135 $
57  136 137 $
58  148 149 $
59  150 151 $
60  154 155 $
61  159 160 $
62  161 162 $
63  168 169 $
64  170 171 $
65  189 190 $
66  191 192 $
67  193 194 $
68  202 203 $
69  205 206 $
70  207 208 $
71  210 211 $
72  220 221 $
73  225 226 $
74  227 228 $
75  229 230 $
76  232 233 $
77  237 238 $
78  239 240 $
79  241 242 $
80  247 248 $
81  249 250 $
82  251 252 $
83  253 254 $
84  261 262 $
85  266 267 $
86  268 269 $
87  273 274 $
88  275 276 $
89  281 282 $
90  283 284 $
91  285 286 $
92  287 288 $
93  292 293 $
94  298 299 $
95  300 301 $
96  302 303 $
97  304 305 $
98  306 307 $
99  308 309 $
100 313 314 $
101 315 316 $
102 317 318 $
103 323 324 $
104 328 329 $
105 330 331 $
)
